



93300, 93283, 93312, 93274, 89588, 93307, 93288, 93270, 93250, 89589, 89859, 93305, 93294, 93286, 93276, 93268, 93256, 142857, 135924, 135927, 135929, 135931, 135934, 135936, 128776, 140176, 140213, 140217, 140219, 140221, 140223, 140225, 140227, 140229, 140231, 140233, 140235, 140237, 140239, 140241, 140243, 140245, 140247, 140249, 140251, 140253, 140255, 140257, 140259, 140261, 140263, 140266, 140268, 140270, 140272, 140289, 140291, 140294, 140296, 140298, 140300, 140302, 140304, 140306, 140308, 140310, 140312, 140314, 140316, 140318, 140320, 140322, 140324, 140326, 140328, 140330, 140332, 140334, 140336, 140338, 140340, 140342, 140344, 140346, 140348, 140350, 140352, 140354, 140356, 140358, 140360, 140362, 140364, 140366, 140368, 140370, 140372, 140374, 140376, 140378, 140380, 140383, 140385, 140387, 140389, 140396, 140398, 140400, 140402, 140404, 140406, 140408, 140410, 140412, 140416, 140418, 140420, 140422, 140424, 140426, 140428, 140430, 140432, 140434, 140436, 140438, 140440, 140442, 140444, 140446, 140448, 140450, 140452, 140454, 140456, 140458, 140460, 140462, 140464, 140466, 140468, 140470, 140472, 140474, 140476, 140478, 140480, 140482, 140484, 140486, 140488, 140490, 140492, 140494, 140496, 140498, 140500, 140502, 140505, 140507, 140509, 140511, 140513, 140515, 140517, 140519, 140829, 140827, 140825, 140823, 140821, 140819, 140817, 140815, 140813, 140810, 140807, 140805, 140803, 140801, 140799, 140797, 140795, 140792, 140790, 140788, 140785, 140783, 140780, 140778, 140776, 140774, 140772, 140769, 140767, 140765, 140762, 140760, 140758, 140756, 140754, 140752, 140750, 140748, 140746, 140744, 140742, 140740, 140738, 140736, 140734, 140732, 140730, 140728, 140726, 140724, 140722, 140720, 140718, 140716, 140714, 140712, 140710, 140708, 140706, 140704, 140702, 140700, 140698, 140696, 140694, 140692, 140690, 140688, 140686, 140684, 140682, 140680, 140678, 140676, 140673, 140671, 140669, 140667, 140665, 140663, 140661, 140659, 140655, 140653, 140651, 140902, 140904, 140906, 140908, 140910, 140912, 140915, 140918, 140920, 140922, 140924, 140926, 140928, 140934, 140958, 140960, 140962, 140967, 140969, 140971, 140973, 145039, 145037, 145035, 145048, 145050, 145053, 145055, 145058, 145061, 145063, 145065, 145067, 145069, 145076, 145080, 145082, 145085, 145087, 145089, 145092, 145094, 145096, 145098, 145100, 145102, 145104, 145106, 145108, 145110, 145112, 145114, 145116, 145118, 145120, 145122, 145125, 145127, 145136, 145141, 145143, 145147, 145149, 145152, 145155, 145157, 145159, 145165, 145167, 145169, 145171, 145174, 145176, 145178, 145180, 145182, 
77535, 81624, 83980, 116612, 125966, 



89593, 93293, 89780, 93277, 89586, 93309, 93289, 93271, 93251, 135925, 135930, 135935, 128777, 140214, 140218, 140222, 140226, 140230, 140234, 140238, 140242, 140246, 140250, 140254, 140258, 140262, 140267, 140271, 140290, 140295, 140299, 140303, 140307, 140311, 140315, 140319, 140323, 140327, 140331, 140335, 140339, 140343, 140347, 140351, 140355, 140359, 140363, 140367, 140371, 140375, 140379, 140384, 140388, 140397, 140401, 140405, 140409, 140414, 140419, 140423, 140427, 140431, 140435, 140439, 140443, 140447, 140451, 140455, 140459, 140463, 140467, 140471, 140475, 140479, 140483, 140487, 140491, 140495, 140499, 140504, 140508, 140512, 140516, 140520, 140826, 140822, 140818, 140814, 140809, 140804, 140800, 140796, 140791, 140786, 140782, 140777, 140773, 140768, 140763, 140759, 140755, 140751, 140747, 140743, 140739, 140735, 140731, 140727, 140723, 140719, 140715, 140711, 140707, 140703, 140699, 140695, 140691, 140687, 140683, 140679, 140675, 140670, 140666, 140662, 140658, 140654, 140650, 140905, 140909, 140914, 140919, 140923, 140927, 140939, 140961, 140968, 140972, 145038, 145049, 145054, 145060, 145064, 145068, 145077, 145083, 145088, 145093, 145097, 145101, 145105, 145109, 145113, 145117, 145121, 145126, 145140, 145144, 145150, 145156, 145160, 145168, 145173, 145177, 145181, 135924, 135929, 135934, 128776, 140213, 140219, 140223, 140227, 140231, 140235, 140239, 140243, 140247, 140251, 140255, 140259, 140263, 140268, 140272, 140291, 140296, 140300, 140304, 140308, 140312, 140316, 140320, 140324, 140328, 140332, 140336, 140340, 140344, 140348, 140352, 140356, 140360, 140364, 140368, 140372, 140376, 140380, 140385, 140389, 140398, 140402, 140406, 140410, 140416, 140420, 140424, 140428, 140432, 140436, 140440, 140444, 140448, 140452, 140456, 140460, 140464, 140468, 140472, 140476, 140480, 140484, 140488, 140492, 140496, 140500, 140505, 140509, 140513, 140517, 140829, 140825, 140821, 140817, 140813, 140807, 140803, 140799, 140795, 140790, 140785, 140780, 140776, 140772, 140767, 140762, 140758, 140754, 140750, 140746, 140742, 140738, 140734, 140730, 140726, 140722, 140718, 140714, 140710, 140706, 140702, 140698, 140694, 140690, 140686, 140682, 140678, 140673, 140669, 140665, 140661, 140655, 140651, 140904, 140908, 140912, 140918, 140922, 140926, 140934, 140960, 140967, 140971, 145039, 145035, 145050, 145055, 145061, 145065, 145069, 145080, 145085, 145089, 145094, 145098, 145102, 145106, 145110, 145114, 145118, 145122, 145127, 145141, 145147, 145152, 145157, 145165, 145169, 145174, 145178, 145182, 
86404, 77535, 83980, 125966, 



89583, 93298, 89598, 93280, 135928, 140177, 140220, 140228, 140236, 140244, 140252, 140260, 140269, 140292, 140301, 140309, 140317, 140325, 140333, 140341, 140349, 140357, 140365, 140373, 140381, 140399, 140407, 140417, 140425, 140433, 140441, 140449, 140457, 140465, 140473, 140481, 140489, 140497, 140506, 140514, 140828, 140820, 140812, 140802, 140793, 140784, 140775, 140766, 140757, 140749, 140741, 140733, 140725, 140717, 140709, 140701, 140693, 140685, 140677, 140668, 140660, 140652, 140907, 140916, 140925, 140959, 140970, 145036, 145052, 145062, 145072, 145086, 145095, 145103, 145111, 145119, 145134, 145148, 145158, 145170, 145179, 135927, 135936, 140217, 140225, 140233, 140241, 140249, 140257, 140266, 140289, 140298, 140306, 140314, 140322, 140330, 140338, 140346, 140354, 140362, 140370, 140378, 140387, 140400, 140408, 140418, 140426, 140434, 140442, 140450, 140458, 140466, 140474, 140482, 140490, 140498, 140507, 140515, 140827, 140819, 140810, 140801, 140792, 140783, 140774, 140765, 140756, 140748, 140740, 140732, 140724, 140716, 140708, 140700, 140692, 140684, 140676, 140667, 140659, 140902, 140910, 140920, 140928, 140962, 140973, 145048, 145058, 145067, 145082, 145092, 145100, 145108, 145116, 145125, 145143, 145155, 145167, 145176, 
81624, 77535, 86404, 



93300, 93283, 93312, 93274, 89588, 93307, 93288, 93270, 93250, 89589, 89859, 93305, 93294, 93286, 93276, 93268, 93256, 
77535, 81624, 83980, 116612, 125966, 



89593, 93293, 89780, 93277, 89586, 93309, 93289, 93271, 93251, 
86404, 77535, 83980, 125966, 



89583, 93298, 89598, 93280, 
81624, 



93255, 93297, 
116612, 



93261, 150588, 150590, 150592, 150599, 150601, 150603, 150605, 150607, 150609, 150611, 150613, 150615, 150617, 150623, 
81624, 



93259, 150589, 150598, 150602, 150606, 150610, 150614, 150624, 150588, 150592, 150601, 150605, 150609, 150613, 150617, 
81624, 116612, 



150591, 150604, 150612, 150590, 150603, 150611, 150623, 150588, 150592, 150601, 150605, 150609, 150613, 150617, 




150600, 150616, 150599, 150615, 150589, 150602, 150610, 150624, 150588, 150591, 150601, 150604, 150609, 150612, 150617, 
81624, 



150608, 150607, 150598, 150614, 150590, 150603, 150611, 150623, 150588, 150591, 150600, 150602, 150609, 150612, 150616, 150624, 151404, 
116612, 



150606, 150592, 150613, 150589, 150601, 150610, 150617, 150588, 150591, 150600, 150603, 150608, 150611, 150614, 150623, 151404, 
81624, 116612, 



150605, 150599, 150615, 150590, 150602, 150609, 150616, 150588, 150591, 150600, 150603, 150608, 150611, 150614, 150623, 
81624, 116612, 



150604, 150598, 150612, 150589, 150601, 150610, 150617, 
81624, 153966, 116612, 



150607, 150592, 150613, 152152, 152362, 156871, 156913, 157282, 157313, 157366, 157454, 
81624, 116612, 



150624, 151404, 156887, 157292, 152152, 156871, 157282, 157366, 
153966, 116612, 



150606, 152362, 157313, 152152, 156887, 157292, 
81624, 116612, 



156913, 156871, 157366, 152362, 157292, 
153966, 116612, 



157454, 157282, 156887, 152362, 156913, 157366, 
81624, 153966, 



152152, 156871, 152362, 156913, 157366, 
116612, 81624, 



157313, 156887, 157454, 152362, 156913, 
153966, 81624, 



157292, 152152, 157366, 156887, 157313, 
116612, 81624, 



157282, 152362, 157454, 
153966, 81624, 



156871, 
116612, 



156913, 189822, 
81624, 189758, 



189822, 
153966, 116612, 81624, 189999, 190080, 190106, 



189822, 
189758, 81624, 116612, 190080, 




153966, 190106, 189758, 190080, 192068, 




189999, 189758, 190106, 




190080, 189758, 



213088, 213095, 213097, 213099, 213103, 213107, 213109, 213111, 213113, 213115, 213119, 
192068, 189758, 189999, 190106, 



213094, 213098, 213106, 213110, 213114, 213120, 
190080, 



213096, 213108, 213116, 219125, 219123, 219121, 219119, 219117, 219115, 219113, 219111, 219109, 219107, 219105, 219103, 219101, 219099, 219097, 219095, 219093, 219091, 219089, 219087, 219085, 219083, 219081, 219079, 219076, 219126, 219128, 219130, 




213100, 219124, 219120, 219116, 219112, 219108, 219104, 219100, 219096, 219092, 219088, 219084, 219080, 219077, 219129, 




213112, 219122, 219114, 219106, 219098, 219090, 219082, 219127, 




219118, 219102, 219086, 




219110, 219078, 
253438, 





219094, 289269, 289271, 289273, 289275, 289277, 289279, 289281, 289283, 289285, 289287, 289289, 289291, 




289270, 289274, 289278, 289282, 289286, 289290, 289269, 289273, 289277, 289281, 289285, 289289, 




289272, 289280, 289288, 289271, 289279, 289287, 289269, 289273, 289277, 289281, 289285, 289289, 292756, 



289276, 289275, 289291, 289274, 289282, 289290, 289269, 289272, 289277, 289280, 289285, 289288, 292756, 


























289284, 289283, 289278, 289271, 289279, 289287, 289269, 289274, 289276, 289280, 289285, 289290, 292756, 






289269, 289271, 289273, 289275, 289277, 289279, 289281, 289283, 289285, 289287, 289289, 289291, 



289270, 289274, 289278, 289282, 289286, 289290, 
309077, 



289272, 289280, 289288, 
309077, 309283, 309327, 



289276, 
309077, 309327, 



289284, 
309283, 309327, 




309077, 309283, 




309327, 309077, 








309283, 309327, 




309077, 309327, 





309077, 309283, 




309327, 314419, 309077, 




309283, 314419, 309327, 




309077, 








338996, 
338996, 


339016, 338099, 
338996, 
338996, 


338932, 339016, 
338996, 
338996, 


338099, 340956, 

342066, 


338932, 341741, 
345595, 
345595, 






349222, 349228, 349230, 349232, 349235, 349237, 349241, 349246, 349248, 349250, 349252, 349254, 349256, 349258, 349260, 349262, 349264, 349266, 349268, 349272, 349275, 349278, 349281, 349285, 349296, 349298, 349301, 349303, 349305, 349307, 349309, 349311, 349314, 349318, 349352, 349349, 349347, 349345, 349343, 349341, 349374, 349376, 349379, 349382, 349384, 349387, 349480, 349478, 349476, 349474, 349472, 349470, 349468, 349466, 349464, 349462, 349460, 349458, 349456, 349454, 349452, 349450, 349484, 349486, 349489, 349491, 349493, 349495, 349498, 349500, 349502, 349504, 349507, 349509, 349511, 349516, 349519, 349521, 349523, 349526, 349528, 349530, 349532, 349535, 349537, 349539, 349545, 349547, 349556, 349559, 349561, 349563, 349565, 349567, 349569, 349578, 349580, 349582, 349584, 349586, 349588, 349590, 349592, 349594, 349596, 349598, 349600, 349602, 349604, 349606, 349608, 349610, 349612, 349614, 349616, 349620, 349622, 349624, 349627, 349629, 349631, 349633, 349635, 349637, 349640, 349642, 349645, 349647, 349654, 349656, 349658, 349660, 349662, 349664, 349666, 349668, 349670, 349672, 349674, 349676, 349678, 349703, 349700, 349697, 349694, 349691, 349689, 349687, 349708, 349713, 349717, 349719, 349722, 349730, 349733, 349736, 349741, 349743, 349745, 349747, 349749, 349752, 349762, 349760, 349757, 349755, 349766, 349768, 349784, 349787, 349789, 349793, 349798, 349801, 349805, 349807, 349809, 349815, 349817, 349820, 349822, 349824, 349827, 349829, 349837, 349839, 349841, 349843, 349847, 349850, 349852, 349857, 349859, 349861, 




349223, 349231, 349236, 349247, 349251, 349255, 349259, 349263, 349267, 349273, 349279, 349297, 349302, 349306, 349310, 349315, 349351, 349346, 349342, 349375, 349380, 349386, 349479, 349475, 349471, 349467, 349463, 349459, 349455, 349451, 349485, 349490, 349494, 349499, 349503, 349508, 349513, 349520, 349525, 349529, 349534, 349538, 349546, 349557, 349562, 349566, 349576, 349581, 349585, 349589, 349593, 349597, 349601, 349605, 349609, 349613, 349617, 349621, 349625, 349628, 349632, 349636, 349641, 349646, 349655, 349661, 349665, 349669, 349673, 349677, 349702, 349699, 349693, 349690, 349706, 349709, 349718, 349723, 349731, 349740, 349744, 349748, 349753, 349758, 349767, 349792, 349799, 349806, 349816, 349821, 349826, 349838, 349842, 349849, 349855, 349860, 349222, 349230, 349235, 349241, 349248, 349252, 349256, 349260, 349264, 349268, 349275, 349281, 349296, 349301, 349305, 349309, 349314, 349352, 349347, 349343, 349374, 349379, 349384, 349480, 349476, 349472, 349468, 349464, 349460, 349456, 349452, 349484, 349489, 349493, 349498, 349502, 349507, 349511, 349519, 349523, 349528, 349532, 349537, 349545, 349556, 349561, 349565, 349569, 349580, 349584, 349588, 349592, 349596, 349600, 349604, 349608, 349612, 349616, 349622, 349627, 349631, 349635, 349640, 349645, 349654, 349658, 349662, 349666, 349670, 349674, 349678, 349700, 349694, 349689, 349708, 349717, 349722, 349733, 349741, 349745, 349749, 349762, 349757, 349766, 349784, 349789, 349798, 349805, 349809, 349817, 349822, 349827, 349837, 349841, 349847, 349852, 349859, 




349233, 349249, 349257, 349265, 349276, 349304, 349313, 349344, 349378, 349389, 349473, 349465, 349457, 349483, 349496, 349506, 349517, 349522, 349531, 349548, 349564, 349583, 349591, 349603, 349611, 349623, 349630, 349638, 349643, 349657, 349663, 349671, 349688, 349721, 349734, 349746, 349761, 349776, 349794, 349808, 349818, 349828, 349840, 349851, 349228, 349237, 349250, 349258, 349266, 349278, 349298, 349307, 349318, 349345, 349376, 349387, 349474, 349466, 349458, 349450, 349491, 349500, 349509, 349521, 349530, 349539, 349559, 349567, 349582, 349590, 349598, 349606, 349614, 349624, 349633, 349642, 349656, 349664, 349672, 349703, 349691, 349713, 349730, 349743, 349752, 349755, 349787, 349801, 349815, 349824, 349839, 349850, 349861, 


361856, 

349253, 349271, 349308, 349373, 349477, 349461, 349488, 349501, 349527, 349560, 349587, 349607, 349634, 349667, 349742, 349756, 349802, 349823, 349846, 349232, 349254, 349272, 349303, 349349, 349382, 349470, 349454, 349495, 349516, 349535, 349563, 349586, 349602, 349620, 349637, 349660, 349676, 349687, 349736, 349760, 349793, 349820, 349843, 361941, 361990, 
361837, 



349261, 349319, 349383, 349453, 349510, 349536, 349568, 349595, 349615, 349675, 349750, 349858, 349246, 349285, 349341, 349462, 349504, 349547, 349594, 349629, 349668, 349719, 349768, 349829, 361989, 







349283, 349469, 349262, 349478, 349526, 349610, 349697, 349807, 571693, 571699, 571702, 571707, 571709, 571711, 571713, 571715, 571717, 571719, 571721, 571723, 571725, 571727, 571730, 571734, 571736, 571738, 571741, 571744, 571747, 571749, 571751, 571754, 571756, 571758, 571761, 571763, 571771, 571773, 571775, 571777, 571779, 571781, 571784, 571786, 571791, 571793, 571796, 571833, 571895, 571958, 572020, 572082, 572144, 572206, 572268, 572330, 572393, 572455, 572517, 572579, 572641, 572704, 572767, 572833, 572902, 572964, 573026, 573088, 573149, 573211, 573273, 573335, 573397, 573459, 573521, 573583, 573645, 573707, 573769, 573831, 573893, 573942, 573946, 573948, 573950, 573952, 573954, 577038, 577035, 577033, 577031, 577029, 577027, 577025, 577023, 577021, 577019, 577017, 577015, 577013, 577011, 577009, 577007, 577004, 577002, 577000, 576998, 576996, 576994, 576992, 576990, 576988, 576986, 576984, 576982, 576980, 576978, 576975, 576973, 576971, 576969, 576967, 576965, 576963, 576961, 576958, 576956, 576953, 576951, 576949, 576947, 576944, 576942, 576940, 





349311, 349578, 349747, 571696, 571705, 571710, 571714, 571718, 571722, 571726, 571731, 571737, 571743, 571748, 571753, 571757, 571762, 571772, 571776, 571780, 571785, 571792, 571802, 571927, 572051, 572175, 572299, 572424, 572548, 572672, 572798, 572933, 573057, 573180, 573304, 573428, 573552, 573676, 573800, 573924, 573947, 573951, 577039, 577034, 577030, 577026, 577022, 577018, 577014, 577010, 577005, 577001, 576997, 576993, 576989, 576985, 576981, 576976, 576972, 576968, 576964, 576959, 576955, 576950, 576946, 576941, 571693, 571702, 571709, 571713, 571717, 571721, 571725, 571730, 571736, 571741, 571747, 571751, 571756, 571761, 571771, 571775, 571779, 571784, 571791, 571796, 571895, 572020, 572144, 572268, 572393, 572517, 572641, 572767, 572902, 573026, 573149, 573273, 573397, 573521, 573645, 573769, 573893, 573946, 573950, 573954, 577035, 577031, 577027, 577023, 577019, 577015, 577011, 577007, 577002, 576998, 576994, 576990, 576986, 576982, 576978, 576973, 576969, 576965, 576961, 576956, 576951, 576947, 576942, 




693297, 694599, 

349486, 349857, 571700, 571712, 571720, 571729, 571740, 571750, 571760, 571774, 571782, 571794, 571989, 572236, 572486, 572735, 572995, 573242, 573490, 573738, 573945, 573953, 577032, 577024, 577016, 577008, 576999, 576991, 576983, 576974, 576966, 576957, 576948, 571699, 571711, 571719, 571727, 571738, 571749, 571758, 571773, 571781, 571793, 571958, 572206, 572455, 572704, 572964, 573211, 573459, 573707, 573942, 573952, 577033, 577025, 577017, 577009, 577000, 576992, 576984, 576975, 576967, 576958, 576949, 576940, 681899, 670682, 670684, 670686, 670688, 670690, 670692, 670694, 670696, 670698, 670700, 670702, 670704, 670707, 670709, 670719, 670724, 670728, 670766, 670847, 670853, 670856, 670858, 670860, 670970, 672296, 672319, 672332, 672364, 672413, 672467, 672527, 672582, 672640, 672699, 672758, 672811, 672864, 672920, 672978, 673036, 673093, 673148, 673206, 673266, 673325, 673380, 673437, 673496, 673545, 673596, 673651, 673701, 673756, 673812, 673865, 673916, 673967, 674023, 674081, 674139, 674191, 674248, 674300, 674351, 674394, 674455, 674497, 674529, 674562, 674594, 674628, 674660, 674692, 674724, 674756, 674788, 674820, 674852, 674884, 674916, 674948, 674980, 675013, 675046, 675079, 675111, 675143, 675174, 675206, 675240, 675278, 675326, 675366, 675424, 675477, 675532, 675589, 675639, 675706, 675816, 675927, 676039, 676153, 676269, 676377, 676439, 676501, 676562, 676624, 676687, 676748, 679140, 679136, 679132, 679127, 679123, 679119, 679115, 679111, 679107, 679103, 679099, 679095, 679091, 679087, 679083, 679079, 679075, 679071, 679067, 679063, 679060, 679056, 694845, 708810, 708808, 708805, 708803, 708801, 708799, 708797, 708795, 708793, 708791, 708789, 708787, 708785, 708783, 708781, 708779, 708776, 708774, 708772, 708770, 708768, 708766, 708764, 708762, 708760, 708758, 708756, 708754, 708752, 708750, 708748, 708746, 708744, 708742, 708740, 708738, 708736, 708733, 708731, 708729, 708727, 708725, 708723, 708721, 708719, 708717, 708715, 708713, 708711, 708709, 708707, 708704, 708702, 708700, 708698, 708696, 708694, 708692, 708690, 708688, 708686, 708684, 708682, 708680, 708678, 708676, 708674, 708672, 708670, 708668, 708666, 708664, 708662, 708660, 708658, 708858, 708861, 708924, 708920, 708916, 708913, 708910, 708906, 708932, 708986, 709028, 709065, 709116, 709159, 709199, 709250, 709301, 709362, 709422, 709464, 709509, 709568, 709615, 709653, 709655, 709657, 709659, 709686, 709748, 709809, 709869, 709925, 709985, 710044, 710048, 710050, 710053, 710055, 710057, 710059, 710061, 710063, 710065, 710067, 710069, 710071, 710073, 710075, 710077, 710079, 710083, 710086, 710088, 710090, 710092, 710094, 710096, 710098, 710100, 710102, 710104, 710106, 710108, 710110, 710115, 710117, 710120, 710122, 710124, 710126, 710128, 710130, 710132, 710134, 710136, 710138, 710141, 710143, 710145, 710149, 710151, 710154, 710161, 710163, 710165, 710167, 710171, 710173, 710175, 710177, 710179, 710181, 710183, 710185, 710187, 711147, 711145, 711143, 711141, 711139, 710877, 710874, 710871, 710869, 710867, 710865, 710863, 710861, 710859, 710856, 710854, 710852, 710850, 710848, 710846, 710844, 710842, 710839, 710837, 710835, 710833, 710830, 710828, 710826, 710824, 710822, 710820, 710818, 710816, 710814, 710812, 710810, 710807, 710805, 710803, 710801, 710799, 710797, 710795, 710793, 710791, 710789, 710787, 710785, 710783, 710781, 710779, 710777, 710775, 710773, 710771, 710769, 710767, 710765, 710763, 710761, 


694599, 

349647, 571708, 571724, 571745, 571769, 571790, 572113, 572610, 573118, 573614, 573949, 577028, 577012, 576995, 576979, 576962, 576943, 571707, 571723, 571744, 571763, 571786, 572082, 572579, 573088, 573583, 573948, 577029, 577013, 576996, 576980, 576963, 576944, 680464, 670683, 670687, 670691, 670695, 670699, 670703, 670708, 670721, 670732, 670773, 670851, 670857, 670987, 672303, 672349, 672442, 672556, 672672, 672784, 672893, 673006, 673123, 673236, 673350, 673467, 673569, 673676, 673786, 673892, 673995, 674109, 674220, 674325, 674425, 674513, 674578, 674644, 674708, 674773, 674836, 674900, 674964, 675029, 675095, 675158, 675224, 675307, 675396, 675504, 675615, 675756, 675983, 676211, 676408, 676531, 676655, 679142, 679134, 679125, 679117, 679109, 679101, 679093, 679085, 679077, 679069, 679061, 708809, 708804, 708800, 708796, 708792, 708788, 708784, 708780, 708775, 708771, 708767, 708763, 708759, 708755, 708751, 708747, 708743, 708739, 708735, 708730, 708726, 708722, 708718, 708714, 708710, 708706, 708701, 708697, 708693, 708689, 708685, 708681, 708677, 708673, 708669, 708665, 708661, 708859, 708922, 708915, 708908, 708960, 709044, 709138, 709224, 709330, 709441, 709538, 709639, 709656, 709661, 709778, 709895, 710014, 710049, 710054, 710058, 710062, 710066, 710070, 710074, 710078, 710084, 710089, 710093, 710097, 710101, 710105, 710109, 710116, 710121, 710125, 710129, 710133, 710137, 710142, 710147, 710152, 710162, 710166, 710172, 710176, 710180, 710184, 711148, 711144, 711140, 710876, 710870, 710866, 710862, 710858, 710853, 710849, 710845, 710841, 710836, 710832, 710827, 710823, 710819, 710815, 710811, 710806, 710802, 710798, 710794, 710790, 710786, 710782, 710778, 710774, 710770, 710766, 710762, 694845, 708808, 708803, 708799, 708795, 708791, 708787, 708783, 708779, 708774, 708770, 708766, 708762, 708758, 708754, 708750, 708746, 708742, 708738, 708733, 708729, 708725, 708721, 708717, 708713, 708709, 708704, 708700, 708696, 708692, 708688, 708684, 708680, 708676, 708672, 708668, 708664, 708660, 708858, 708924, 708916, 708910, 708932, 709028, 709116, 709199, 709301, 709422, 709509, 709615, 709655, 709659, 709748, 709869, 709985, 710048, 710053, 710057, 710061, 710065, 710069, 710073, 710077, 710083, 710088, 710092, 710096, 710100, 710104, 710108, 710115, 710120, 710124, 710128, 710132, 710136, 710141, 710145, 710151, 710161, 710165, 710171, 710175, 710179, 710183, 710187, 711145, 711141, 710877, 710871, 710867, 710863, 710859, 710854, 710850, 710846, 710842, 710837, 710833, 710828, 710824, 710820, 710816, 710812, 710807, 710803, 710799, 710795, 710791, 710787, 710783, 710779, 710775, 710771, 710767, 710763, 710948, 710946, 710944, 710942, 710941, 712062, 712060, 712058, 712056, 712054, 712052, 712050, 712048, 712046, 712044, 712042, 712040, 712038, 712036, 712034, 712032, 712030, 712028, 712026, 712024, 712022, 712020, 712018, 712016, 712014, 712012, 712010, 712008, 712006, 712004, 712002, 712000, 711998, 711996, 711994, 711992, 711990, 711988, 711986, 711984, 711982, 711980, 711978, 711976, 711974, 711972, 711970, 711968, 711966, 711964, 711962, 711960, 711958, 711956, 711954, 711952, 711950, 711948, 711946, 711944, 711942, 711940, 711938, 711936, 711934, 711932, 711930, 711928, 711926, 711924, 711922, 711920, 711918, 711916, 711914, 711912, 711910, 711908, 711906, 711904, 711902, 711900, 711898, 711896, 711894, 711892, 711890, 711888, 711886, 711884, 711882, 711880, 711878, 711876, 711874, 711872, 711870, 711868, 711866, 711864, 711862, 711860, 711858, 711856, 711854, 711852, 711850, 711848, 711846, 711844, 711842, 711840, 711838, 711836, 711834, 711832, 711830, 711828, 711826, 711824, 711822, 711819, 711816, 711813, 711811, 711809, 711807, 711805, 711803, 711801, 711799, 711797, 711795, 711793, 711791, 711789, 711787, 711785, 711783, 711781, 711779, 711777, 711775, 711773, 711771, 711769, 711767, 711765, 711763, 711761, 711759, 711757, 711755, 711753, 711751, 711749, 711747, 711745, 711743, 711741, 711739, 711737, 711735, 711733, 711731, 711729, 711727, 711725, 711723, 711721, 711719, 711717, 711715, 711713, 711711, 711709, 711707, 711705, 711703, 711701, 711699, 
711269, 



571716, 571755, 571864, 572871, 573862, 577020, 576987, 576952, 571715, 571754, 571833, 572833, 573831, 577021, 576988, 576953, 670685, 670693, 670701, 670710, 670855, 672326, 672497, 672728, 672949, 673178, 673409, 673623, 673835, 674052, 674273, 674480, 674610, 674740, 674868, 674996, 675127, 675257, 675448, 675667, 676091, 676470, 676717, 679130, 679113, 679097, 679081, 679066, 708806, 708798, 708790, 708782, 708773, 708765, 708757, 708749, 708741, 708732, 708724, 708716, 708708, 708699, 708691, 708683, 708675, 708667, 708659, 708860, 708912, 709009, 709177, 709405, 709592, 709658, 709839, 710047, 710056, 710064, 710072, 710082, 710091, 710099, 710107, 710119, 710127, 710135, 710144, 710155, 710170, 710178, 710186, 711142, 710872, 710864, 710855, 710847, 710838, 710829, 710821, 710813, 710804, 710796, 710788, 710780, 710772, 710764, 708810, 708801, 708793, 708785, 708776, 708768, 708760, 708752, 708744, 708736, 708727, 708719, 708711, 708702, 708694, 708686, 708678, 708670, 708662, 708861, 708913, 708986, 709159, 709362, 709568, 709657, 709809, 710044, 710055, 710063, 710071, 710079, 710090, 710098, 710106, 710117, 710126, 710134, 710143, 710154, 710167, 710177, 710185, 711143, 710874, 710865, 710856, 710848, 710839, 710830, 710822, 710814, 710805, 710797, 710789, 710781, 710773, 710765, 710947, 710943, 712061, 712057, 712053, 712049, 712045, 712041, 712037, 712033, 712029, 712025, 712021, 712017, 712013, 712009, 712005, 712001, 711997, 711993, 711989, 711985, 711981, 711977, 711973, 711969, 711965, 711961, 711957, 711953, 711949, 711945, 711941, 711937, 711933, 711929, 711925, 711921, 711917, 711913, 711909, 711905, 711901, 711897, 711893, 711889, 711885, 711881, 711877, 711873, 711869, 711865, 711861, 711857, 711853, 711849, 711845, 711841, 711837, 711833, 711829, 711825, 711821, 711815, 711810, 711806, 711802, 711798, 711794, 711790, 711786, 711782, 711778, 711774, 711770, 711766, 711762, 711758, 711754, 711750, 711746, 711742, 711738, 711734, 711730, 711726, 711722, 711718, 711714, 711710, 711706, 711702, 711698, 800651, 800654, 800656, 800658, 800660, 800664, 800666, 800673, 800682, 800684, 800686, 800688, 800690, 800692, 800698, 800703, 800713, 800738, 800759, 800779, 800785, 800798, 800800, 800804, 800807, 800813, 800816, 800820, 800832, 800975, 800973, 800971, 800969, 800967, 800965, 800962, 800960, 800958, 800956, 800954, 800952, 800950, 800948, 800946, 800944, 800942, 800940, 800938, 800936, 800933, 800931, 800929, 800927, 800925, 800923, 800921, 800919, 800917, 800915, 800913, 800911, 800909, 800906, 800904, 800901, 800898, 800896, 800893, 800891, 800889, 800887, 800885, 800984, 800986, 800988, 800990, 800992, 800996, 801003, 801023, 801034, 801042, 801054, 801061, 801075, 801098, 801108, 801153, 801162, 801164, 801167, 801171, 801174, 801181, 801186, 801191, 801193, 801195, 801197, 801220, 801283, 801345, 801407, 801469, 801531, 801593, 801665, 801727, 801789, 801852, 801929, 802001, 802062, 802123, 802185, 802247, 802318, 802400, 802479, 802564, 802647, 802709, 802771, 802833, 802895, 802957, 803019, 803081, 803147, 803209, 803271, 803333, 803377, 803380, 803382, 803386, 803388, 803391, 803393, 803395, 803397, 803400, 803402, 803407, 803409, 803411, 803415, 803417, 803419, 803421, 803423, 803427, 803429, 803431, 803433, 803435, 803437, 803439, 803441, 803444, 803448, 803450, 803452, 803455, 803458, 803463, 803466, 803468, 803470, 803472, 803474, 803477, 803479, 803482, 803486, 803491, 803493, 803495, 803497, 803499, 803501, 803503, 803505, 803507, 803509, 803511, 796856, 796854, 796851, 796849, 796847, 796845, 796843, 796841, 796839, 796836, 796834, 797313, 797315, 797317, 797319, 797321, 797323, 797326, 797328, 797330, 797332, 797334, 797336, 797339, 797341, 797343, 797345, 797347, 797349, 797351, 797353, 797355, 797357, 797359, 797361, 797364, 797366, 797368, 797371, 797373, 797375, 797377, 797379, 797381, 797383, 797385, 797388, 797390, 797393, 797396, 797398, 797400, 797402, 797404, 797415, 797417, 797419, 797421, 797423, 797425, 797427, 797429, 797432, 797434, 797436, 797438, 797440, 797442, 797444, 797446, 797448, 797450, 797452, 797454, 797456, 797458, 797460, 797462, 797464, 797466, 797468, 797497, 797550, 797578, 797581, 797585, 797594, 797596, 797598, 797600, 797602, 797604, 797606, 797608, 797614, 797621, 797623, 797625, 797627, 797630, 797633, 797635, 797637, 797639, 797642, 797648, 797660, 797662, 797664, 797666, 797668, 797670, 797673, 797675, 797677, 797679, 797681, 797683, 797685, 797687, 797689, 797691, 797693, 797695, 797697, 797699, 797701, 797703, 797705, 797707, 797729, 797751, 797773, 797797, 797803, 797809, 797815, 797833, 797839, 797858, 797876, 797886, 797896, 797914, 797930, 797940, 797953, 797968, 797978, 797985, 797995, 798002, 798012, 798020, 798028, 798037, 798045, 798063, 798085, 798095, 798104, 798115, 798125, 798134, 798143, 798169, 798172, 798178, 798180, 798182, 798187, 798192, 798195, 798202, 798207, 798217, 798250, 798277, 798304, 798331, 798364, 798399, 798432, 798475, 798513, 798557, 798601, 798641, 798688, 798723, 798768, 798818, 798866, 798908, 798938, 798971, 798987, 799015, 799057, 799091, 799136, 799162, 799198, 799200, 799208, 799214, 799216, 799219, 799221, 799223, 799225, 799228, 799230, 799232, 799234, 799236, 799238, 799240, 799242, 799244, 799246, 799249, 799251, 799253, 799274, 799297, 799316, 799319, 799321, 799324, 799329, 799331, 799333, 799335, 799338, 799348, 799361, 799371, 799373, 799375, 799378, 799417, 799419, 799421, 799441, 799477, 799500, 799525, 799551, 799573, 


804334, 

571735, 572362, 577037, 576970, 571734, 572330, 577038, 576971, 670689, 670706, 670859, 672388, 672840, 673296, 673727, 674163, 674545, 674804, 675063, 675342, 675874, 676593, 679121, 679089, 679057, 708802, 708786, 708769, 708753, 708737, 708720, 708703, 708687, 708671, 708918, 709092, 709483, 709717, 710052, 710068, 710087, 710103, 710123, 710140, 710164, 710182, 710879, 710860, 710843, 710825, 710808, 710792, 710776, 710760, 708805, 708789, 708772, 708756, 708740, 708723, 708707, 708690, 708674, 708658, 708906, 709250, 709653, 709925, 710059, 710075, 710094, 710110, 710130, 710149, 710173, 711147, 710869, 710852, 710835, 710818, 710801, 710785, 710769, 710945, 712059, 712051, 712043, 712035, 712027, 712019, 712011, 712003, 711995, 711987, 711979, 711971, 711963, 711955, 711947, 711939, 711931, 711923, 711915, 711907, 711899, 711891, 711883, 711875, 711867, 711859, 711851, 711843, 711835, 711827, 711817, 711808, 711800, 711792, 711784, 711776, 711768, 711760, 711752, 711744, 711736, 711728, 711720, 711712, 711704, 800653, 800657, 800662, 800667, 800683, 800687, 800691, 800699, 800728, 800769, 800795, 800802, 800810, 800819, 800834, 800972, 800968, 800964, 800959, 800955, 800951, 800947, 800943, 800939, 800935, 800930, 800926, 800922, 800918, 800914, 800910, 800905, 800900, 800894, 800890, 800886, 800985, 800989, 800995, 801017, 801041, 801060, 801086, 801109, 801156, 801166, 801173, 801185, 801192, 801196, 801251, 801376, 801500, 801625, 801758, 801888, 802032, 802154, 802278, 802436, 802606, 802740, 802864, 802988, 803115, 803240, 803364, 803381, 803387, 803392, 803396, 803401, 803408, 803413, 803418, 803422, 803428, 803432, 803436, 803440, 803447, 803451, 803457, 803464, 803469, 803473, 803478, 803484, 803492, 803496, 803500, 803504, 803508, 796857, 796852, 796848, 796844, 796840, 796835, 797314, 797318, 797322, 797327, 797331, 797335, 797340, 797344, 797348, 797352, 797356, 797360, 797365, 797369, 797374, 797378, 797382, 797386, 797392, 797397, 797401, 797408, 797418, 797422, 797426, 797430, 797435, 797439, 797443, 797447, 797451, 797455, 797459, 797463, 797467, 797520, 797579, 797586, 797597, 797601, 797605, 797610, 797622, 797626, 797631, 797636, 797641, 797659, 797663, 797667, 797672, 797676, 797680, 797684, 797688, 797692, 797696, 797700, 797704, 797718, 797762, 797800, 797812, 797836, 797864, 797892, 797922, 797945, 797973, 797988, 798008, 798024, 798041, 798074, 798100, 798120, 798139, 798171, 798179, 798184, 798193, 798203, 798234, 798289, 798347, 798410, 798490, 798578, 798667, 798741, 798833, 798923, 798978, 799039, 799108, 799180, 799203, 799215, 799220, 799224, 799229, 799233, 799237, 799241, 799245, 799250, 799263, 799312, 799320, 799328, 799332, 799337, 799360, 799372, 799377, 799418, 799430, 799488, 799540, 800651, 800656, 800660, 800666, 800682, 800686, 800690, 800698, 800713, 800759, 800785, 800800, 800807, 800816, 800832, 800973, 800969, 800965, 800960, 800956, 800952, 800948, 800944, 800940, 800936, 800931, 800927, 800923, 800919, 800915, 800911, 800906, 800901, 800896, 800891, 800887, 800984, 800988, 800992, 801003, 801034, 801054, 801075, 801108, 801162, 801167, 801174, 801186, 801193, 801197, 801283, 801407, 801531, 801665, 801789, 801929, 802062, 802185, 802318, 802479, 802647, 802771, 802895, 803019, 803147, 803271, 803377, 803382, 803388, 803393, 803397, 803402, 803409, 803415, 803419, 803423, 803429, 803433, 803437, 803441, 803448, 803452, 803458, 803466, 803470, 803474, 803479, 803486, 803493, 803497, 803501, 803505, 803509, 803512, 803514, 803516, 803518, 803520, 803522, 803524, 803527, 803529, 803531, 803533, 803535, 803537, 803539, 803541, 803543, 803545, 803547, 803549, 803551, 803553, 803555, 803557, 803559, 803561, 803563, 803567, 803569, 803571, 803573, 803575, 803577, 803579, 803581, 803583, 803585, 804720, 804722, 804724, 804732, 804734, 804739, 804741, 804754, 804756, 804759, 804761, 804763, 804796, 804799, 804804, 804806, 804818, 804823, 806511, 806507, 806503, 806499, 806495, 806489, 806485, 806481, 806477, 806473, 806469, 806465, 806461, 806457, 806453, 806449, 806445, 806441, 806493, 806566, 806631, 806693, 806762, 806831, 806908, 806970, 807027, 807029, 807031, 807033, 807036, 807054, 807057, 807059, 807061, 807064, 807066, 807071, 807078, 807089, 807111, 807133, 807150, 807152, 807154, 807156, 807203, 807210, 807215, 807222, 807224, 807256, 807260, 807262, 807264, 807266, 807268, 807273, 807278, 807280, 807282, 807286, 807293, 807295, 807303, 807308, 807310, 807313, 807315, 807317, 807320, 807322, 807329, 807334, 807337, 807339, 807341, 807344, 812675, 
825317, 



571778, 577003, 571777, 577004, 670697, 672609, 673523, 674367, 674932, 675560, 679138, 679073, 708794, 708761, 708728, 708695, 708663, 708904, 709654, 710060, 710095, 710131, 710174, 710868, 710834, 710800, 710768, 708797, 708764, 708731, 708698, 708666, 709065, 709686, 710067, 710102, 710138, 710181, 710861, 710826, 710793, 710761, 710940, 712055, 712039, 712023, 712007, 711991, 711975, 711959, 711943, 711927, 711911, 711895, 711879, 711863, 711847, 711831, 711812, 711796, 711780, 711764, 711748, 711732, 711716, 711700, 800655, 800665, 800685, 800693, 800749, 800799, 800815, 800974, 800966, 800957, 800949, 800941, 800932, 800924, 800916, 800908, 800897, 800888, 800987, 800998, 801046, 801100, 801163, 801175, 801194, 801314, 801562, 801820, 802093, 802360, 802678, 802926, 803178, 803378, 803389, 803398, 803410, 803420, 803430, 803438, 803449, 803462, 803471, 803480, 803494, 803502, 803510, 796850, 796842, 797312, 797320, 797329, 797337, 797346, 797354, 797362, 797372, 797380, 797389, 797399, 797416, 797424, 797433, 797441, 797449, 797457, 797465, 797572, 797595, 797603, 797620, 797628, 797638, 797661, 797669, 797678, 797686, 797694, 797702, 797740, 797806, 797852, 797903, 797958, 797999, 798032, 798091, 798129, 798177, 798188, 798214, 798320, 798458, 798617, 798792, 798959, 799079, 799199, 799217, 799226, 799235, 799243, 799252, 799318, 799330, 799339, 799374, 799420, 799511, 800654, 800664, 800684, 800692, 800738, 800798, 800813, 800975, 800967, 800958, 800950, 800942, 800933, 800925, 800917, 800909, 800898, 800889, 800986, 800996, 801042, 801098, 801164, 801181, 801195, 801345, 801593, 801852, 802123, 802400, 802709, 802957, 803209, 803380, 803391, 803400, 803411, 803421, 803431, 803439, 803450, 803463, 803472, 803482, 803495, 803503, 803511, 803515, 803519, 803523, 803528, 803532, 803536, 803540, 803544, 803548, 803552, 803556, 803560, 803566, 803570, 803574, 803578, 803582, 804721, 804731, 804735, 804740, 804755, 804760, 804765, 804803, 804816, 806513, 806505, 806497, 806487, 806479, 806471, 806463, 806455, 806447, 806439, 806598, 806727, 806868, 807011, 807030, 807034, 807056, 807060, 807065, 807075, 807100, 807144, 807153, 807160, 807209, 807217, 807245, 807261, 807265, 807269, 807279, 807285, 807294, 807304, 807311, 807316, 807321, 807330, 807338, 807342, 812691, 848412, 





573366, 573335, 670726, 673063, 674676, 676328, 708777, 708712, 709273, 710076, 710150, 710851, 710784, 708781, 708715, 708920, 710050, 710122, 711139, 710810, 712047, 712015, 711983, 711951, 711919, 711887, 711855, 711823, 711788, 711756, 711724, 800659, 800689, 800784, 800826, 800961, 800945, 800928, 800912, 800892, 800991, 801067, 801168, 801200, 801696, 802216, 802802, 803302, 803394, 803416, 803434, 803453, 803476, 803498, 796855, 796838, 797325, 797342, 797358, 797376, 797394, 797420, 797437, 797453, 797469, 797599, 797624, 797644, 797674, 797690, 797706, 797825, 797935, 798016, 798111, 798181, 798267, 798537, 798891, 799146, 799222, 799239, 799286, 799334, 799404, 799562, 800658, 800688, 800779, 800820, 800962, 800946, 800929, 800913, 800893, 800990, 801061, 801171, 801220, 801727, 802247, 802833, 803333, 803395, 803417, 803435, 803455, 803477, 803499, 803513, 803521, 803530, 803538, 803546, 803554, 803562, 803572, 803580, 804723, 804746, 804762, 804805, 806509, 806491, 806475, 806459, 806443, 806662, 806939, 807032, 807058, 807067, 807122, 807155, 807214, 807258, 807267, 807281, 807299, 807314, 807327, 807340, 861312, 861310, 861308, 861306, 861304, 861302, 861300, 857816, 857859, 857923, 857954, 857984, 851971, 864284, 




673943, 679105, 708745, 709955, 711146, 708748, 709464, 710163, 710777, 712031, 711967, 711903, 711839, 711772, 711708, 800678, 800806, 800953, 800920, 801030, 801187, 801970, 803050, 803406, 803442, 803487, 796846, 797333, 797367, 797403, 797445, 797583, 797634, 797682, 797785, 797981, 798154, 798384, 798995, 799231, 799322, 799452, 800673, 800804, 800954, 800921, 800885, 801153, 801469, 802564, 803386, 803427, 803468, 803507, 803526, 803542, 803558, 803576, 804733, 804758, 804819, 806483, 806451, 806800, 807044, 807080, 807223, 807276, 807309, 807335, 861311, 861307, 861303, 861319, 857838, 857938, 858000, 


913256, 

675190, 708679, 710111, 708682, 710844, 711999, 711871, 711740, 800704, 800937, 801438, 803383, 803467, 797316, 797384, 797461, 797665, 797879, 798200, 799213, 799362, 800703, 800938, 801023, 802001, 803407, 803491, 803534, 803568, 804798, 806467, 807028, 807151, 807263, 807318, 861309, 861301, 857885, 913193, 


913256, 

710817, 710086, 711935, 800970, 802521, 803506, 797428, 797698, 798705, 800971, 801191, 803444, 803550, 806501, 807062, 807292, 861305, 857969, 946300, 913193, 
934189, 946337, 946309, 

913256, 

711804, 800902, 803426, 797607, 799247, 800904, 803517, 806534, 807346, 946347, 946300, 913193, 
934189, 946309, 



797350, 803081, 1000524, 1000859, 1006105, 1006074, 1005985, 1005898, 1005902, 
946337, 



798052, 803584, 1005896, 1030550, 1031881, 1031883, 1031885, 1031888, 1031890, 1031892, 1031894, 1031896, 1031898, 1031900, 1031902, 1031904, 1031906, 1031911, 1031915, 1031917, 1031920, 1031922, 1031930, 1031932, 1031935, 1031952, 1031960, 1031966, 1031981, 1031993, 1031995, 1031998, 1032002, 1032004, 1032011, 1032015, 1032017, 1032019, 1032021, 1032023, 1032032, 1032038, 1032047, 1032049, 1032052, 1032054, 1032059, 1032071, 1032104, 1032131, 1032157, 1032187, 1032216, 1032245, 1032275, 1032295, 1032376, 1032457, 1032505, 1032522, 1032528, 1032535, 1032555, 1032557, 1032559, 1032565, 1032567, 1032571, 1032582, 1032587, 1032592, 1032595, 1032598, 1032682, 1032684, 1032688, 1032697, 1032726, 1032755, 1032773, 1032775, 1032777, 1032783, 1032785, 1032792, 1032801, 1032805, 1032811, 1032813, 1032821, 1032833, 1032843, 1032872, 1032879, 1032906, 1032928, 1032930, 1032940, 1032942, 1032945, 1032947, 1032949, 1032951, 1032958, 1032961, 1032964, 1032966, 1032970, 1033066, 1033064, 1033062, 1033060, 1033058, 1033056, 1033053, 1033051, 1033049, 1033047, 1033045, 1033043, 1033041, 1033039, 1033037, 1033035, 1031000, 1030998, 1030996, 1030646, 1030644, 1030529, 1030591, 1031269, 1031401, 1031426, 1022307, 1022304, 1022298, 1022323, 1022331, 1022338, 1022344, 1022350, 1022356, 

1081326, 1094454, 1102242, 
1081644, 1090203, 1094454, 1096764, 1102242, 1107045, 

1031882, 1031886, 1031891, 1031895, 1031899, 1031903, 1031910, 1031916, 1031921, 1031931, 1031946, 1031964, 1031982, 1031996, 1032003, 1032013, 1032018, 1032022, 1032037, 1032048, 1032053, 1032061, 1032119, 1032172, 1032231, 1032276, 1032416, 1032519, 1032534, 1032556, 1032563, 1032569, 1032583, 1032594, 1032683, 1032689, 1032740, 1032774, 1032781, 1032791, 1032804, 1032812, 1032827, 1032858, 1032891, 1032929, 1032941, 1032946, 1032950, 1032959, 1032965, 1033067, 1033063, 1033059, 1033054, 1033050, 1033046, 1033042, 1033038, 1030999, 1030995, 1022306, 1022321, 1022335, 1022347, 1079972, 1080436, 1080443, 1080445, 1080447, 1080449, 1080452, 1080455, 1080457, 1080463, 1080487, 1080489, 1080491, 1080513, 1080521, 1080544, 1080552, 1080554, 1080556, 1080558, 1080560, 
1078779, 1078808, 1080492, 1079022, 1080701, 1080695, 1080687, 1081021, 1081014, 1081011, 1081009, 1081001, 1080995, 1080992, 1080990, 1080988, 1080986, 1080983, 1080972, 1080952, 1080942, 1080931, 1080914, 1080901, 1080893, 1080881, 1080878, 1080875, 1080873, 1080871, 1080869, 1080867, 1080865, 1080863, 1080859, 1080856, 1080854, 1080851, 1080847, 1080843, 1080840, 1081220, 1081224, 1081226, 1081229, 1081320, 1081316, 1081310, 1081302, 1081294, 1081276, 1081323, 1081325, 1080450, 1079570, 1079597, 1079699, 1079738, 1080013, 1080033, 1080057, 1080086, 



1031884, 1031893, 1031901, 1031912, 1031926, 1031958, 1031994, 1032009, 1032020, 1032039, 1032056, 1032144, 1032261, 1032498, 1032536, 1032566, 1032591, 1032686, 1032769, 1032784, 1032809, 1032834, 1032921, 1032944, 1032957, 1032967, 1033061, 1033052, 1033044, 1033036, 1030997, 1022301, 1022341, 1080098, 1080444, 1080448, 1080453, 1080458, 1080488, 1080512, 1080532, 1080553, 1080557, 1079972, 1080443, 1080447, 1080452, 1080457, 1080487, 1080491, 1080521, 1080552, 1080556, 1080560, 
1078822, 1080508, 1079968, 1080698, 1080805, 1081018, 1081010, 1081000, 1080991, 1080987, 1080981, 1080948, 1080917, 1080899, 1080880, 1080874, 1080870, 1080866, 1080861, 1080855, 1080850, 1080842, 1081223, 1081228, 1081318, 1081306, 1081282, 1081324, 1080006, 1080043, 1080095, 1078779, 1080492, 1080701, 1080687, 1081014, 1081009, 1080995, 1080990, 1080986, 1080972, 1080942, 1080914, 1080893, 1080878, 1080873, 1080869, 1080865, 1080859, 1080854, 1080847, 1080840, 1081224, 1081229, 1081316, 1081302, 1081276, 1081325, 1080013, 1080057, 



1031889, 1031905, 1031933, 1032000, 1032031, 1032087, 1032335, 1032558, 1032597, 1032711, 1032793, 1032878, 1032948, 1033065, 1033048, 1030645, 1022326, 1080441, 1080451, 1080486, 1080517, 1080555, 1080436, 1080449, 1080463, 1080513, 1080554, 1143487, 1143544, 1143555, 1143559, 1143566, 1143569, 1143571, 1143573, 1143575, 1143577, 1143581, 1143583, 1143585, 1143588, 1143593, 1143595, 1143597, 1143599, 1143601, 1143603, 1143605, 1143609, 1143611, 1143613, 1143615, 1143618, 1143620, 1143622, 1143624, 1143626, 1143628, 1143630, 1143632, 1143635, 1143637, 1143639, 1143641, 1143643, 1143645, 1143647, 1143649, 1143651, 1143653, 1143655, 1143657, 1143659, 1143661, 1143663, 
1080485, 1080689, 1081013, 1080993, 1080985, 1080940, 1080888, 1080872, 1080864, 1080853, 1080837, 1081232, 1081300, 1080032, 1078808, 1080695, 1081011, 1080992, 1080983, 1080931, 1080881, 1080871, 1080863, 1080851, 1081220, 1081320, 1081294, 1080450, 1080086, 



1031897, 1031972, 1032050, 1032526, 1032776, 1032934, 1033057, 1022353, 1080456, 1080551, 1080445, 1080489, 1080558, 1143533, 1143557, 1143568, 1143572, 1143576, 1143582, 1143587, 1143594, 1143598, 1143602, 1143608, 1143612, 1143616, 1143621, 1143625, 1143629, 1143633, 1143638, 1143642, 1143646, 1143650, 1143654, 1143658, 1143662, 1150143, 1150148, 1150153, 1150160, 1150163, 1150167, 1150171, 1150179, 1150185, 1150223, 
1081004, 1080962, 1080877, 1080858, 1081225, 1081322, 1080083, 1079022, 1081001, 1080952, 1080875, 1080856, 1081226, 1081323, 1152030, 1150582, 



1031919, 1032201, 1032816, 1033040, 1080446, 1080559, 1080544, 1143550, 1143570, 1143578, 1143589, 1143600, 1143610, 1143619, 1143627, 1143636, 1143644, 1143652, 1143660, 1150146, 1150157, 1150165, 1150175, 1150192, 1150171, 1150185, 
1080989, 1080868, 1081314, 1081021, 1080901, 1080843, 1080033, 1167395, 



1032016, 1032962, 1080490, 1143560, 1143584, 1143604, 1143623, 1143640, 1143656, 1150151, 1150169, 1150226, 1150223, 
1080902, 1080988, 1081310, 1167395, 



1032581, 1080455, 1143574, 1143614, 1143648, 1150162, 1150179, 
1080844, 1080867, 



1143596, 1143664, 
1251917, 1251928, 
